url <- "https://www.gstatic.com/covid19/mobility/Global_Mobility_Report.csv"
file <- "data/global-mobility-report.rds"

labels <- c(
	"\U2264 -81",
	"-80 \U2012 -61",
	"-60 \U2012 -41",
	"-40 \U2012 -21",
	"-20 \U2012 \U2007-1",
	"\U2007\U2007\U0030 \U2012 +19",
	"+20 \U2012 +39",
	"+40 \U2012 +59",
	"+60 \U2012 +79",
	"+80 \U2012 +99",
	"\U2265 +100"
)